
52727027470
52254023442
52673551645
52534390014
52718299888
52871181836
52894101190
52857292740
52145433675
50815685180
52680567995
52159684370
53089857711
51017509553
52739066195
52722843780
52706253752
52693014511
52732432609
52883678229
52732274908
52907065774
52715564937
52899380289
51822654709
50547624179
51871212983
49944765297
52882262325
52746393493
52867581249
52638174170
52692478787
52757312394
8548508249
45518384510
53069939688
50752134124
52678199709
53096025625
52861677371
52649599093
52521999747
52539261830
53050283486
49443892506
53091593972
52873431638
53069690072
53079691538
52661953097
52711436701
52160730377
46704161102
53048794748
52696622167
52611961628
51648340432
51021199341
52128903089
53087889801
15455536521
52663172709
26196086351
51997806646
48504914532
50129731177
50354423358
51603620638
53084929870
53071786849
4705307280
45879157688
52130569594
50216526754
52908536090
52891570622
52875266520
53089569660
52887724987
51378329973
37752977825
45559615761
51581647140
52884661341
52699325620
52273203666
52108093561
52880189891
12046606438
52721754916
51574077400
52516807600
50811841274
52897466193
52137893874
52718315574
43638165014
51857459336
52897778548
52884965435
50256598138
50678702081
52530780696
52716185559
52730618127
52871830840
51803516572
52469380648
50286377645
53059548831
44580363121
52864431313
52048601556
51797332477
52890364764
52732146122
5020150460
52565918387
40216013405
53094793173
51604541423
37466191734
51566917441
34183103746
51700797565
52391487297
46437718537
52533149234
52695645313
52722833549
50518360509
48561854980
46853033373
47966032925
52487862913
52194776033
52683047269
53096097082
43590349195
48393999897
51084729859
53082242231
52386743733
52687558795
52859319667
52909936141
8220200758
52182830018
52889524237
51645710763
52739353880
53059668725
52829961840
52717699692
52740609134
52517012942
52698549712
51726189499
53077962975
53059692705
52679001593
52688187814
52726770836
53072931535
51162934071
52686089584
52357320109
51475554150
52694678010
52873022772
53061100635
46906220680
52863639779
50734375679
52516263234
53079810642
50359245325
52695421893
53050773526
53049949547
52883781593
52517030749
52512599596
50477882469
51621550250
52655853429
51570838900
53043054130
50567058254
39805951500
52532093700
45882036456
52368557140
52701861612
52526566090
52832086826
52291042352
53067500124
48771125508
51605746732
53084234096
52505791231
51130954283
52900602160
53104152243
51563917476
50774997415
52657684025
53057084105
52661289918
51395246349
52738473745
51063877703
52686998408
3554776479
52694502346
52008693780
52711084527
52514815676
52303663049
51028239441
51264271309
52707132764
52682766926
52525325542
52518982398
51026389916
53065642061
51206664944
52119737379
45336843066
53078610143
52745992720
52536484550
52152530049
52513023782
52518960610
51747164307
53087761753
51308091890
46716488282
44585484399
52890076797
50916199244
52573748775
49871470382
53092560920
42453284614
52281582836
52894420131
53103416182
50355119417
52807269680
52829142098
29893614351
52701701304
52911432229
52532541423
52691222320
51659090787
52702353765
52532580593
49417491463
52512583950
53055845027
47587970375
52692278304
52089435622
52676495517
52532810191
1978099087
52884853336
3232800345
49361299170
51819380424
48576798474
52712092689
52720283628
50277026953
44134131907
52453384254
46295727829
53074763156
52370190045
52721179471
49799283657
52140365536
52895611592
45039051206
11920095744
53076569577
50500562928
52672335976
51935236826
52167005467
41611852976
52883165436
53093416050
52535845497
48671536350
53053845277
40839216408
52905264345
49932319747
48630766342
50714108939
53073993345
52722923233
49997686535
52889266201
49661523499
52887973011
52911840165
52748080548
21490771101
52037125486
52512311753
53062316040
53040282031
53077393244
48771863251
50996983341
49702116456
44233249353
49969098779
52838354013
52879285544
52683595150
52879829485
50791955078
53083489556
51246377664
52851383456
52658335727
52485365820
52180121970
52881260600
52866694789
51652524532
51305865472
50136624242
53065171594
52203207077
52863671295
52875565698
53052340781
52687734336
53071713615
52828405450
52579519505
39327475198
52823501913
48987172030
50757953630
51754624660
52509983612
52685614226
52658498105
49361216505
52723282401
52290997868
52683229445
52728378132
51149954299
50853849759
52565885723
53057940471
52874797719
53055371944
52720338676
50673758740
52874474697
53049309124
53058531232
52302737550
51244013347
53073490742
45271228056
52506775604
53064683269
48747875056
52242940242
52877628237
50370009604
52720306897
53076657209
51965295181
48901181948
52728370016
53049365198
53067554566
51617794291
52706356224
52464896799
51766923787
7115690999
52460712009
53095720500
52488071668
52875965164
52901873094
48873481557
52491180192
52402197436
52659709305
52690765697
52221278606
50250258963
52681861159
53073794795
53091144583
53042701603
52870190250
52904992390
52676490166
52900848582
49162631262
51477477497
52702164892
52742472777
51432281600
49857219237
52531164736
52863295317
52670503789
51264979276
52867430490
52720802824
52810471347
52025331331
52537898404
52509606330
49857065689
52528861269
52740928895
49211007015
51692864400
52730993455
49782270601
50276334216
51975061458
52292892828
52692196317
52256461564
48339054946
51607596428
52532172286
51486702074
52540842517
52900488511
52691957033
50716801215
52510423528
52733873660
42369806746
46990620208
52902232529
52421534387
52900721298
49952584160
52669983533
52871362537
52736073132
52438495389
48241148098
50906557582
51974266299
52903120187
52235596047
47069124765
52880148547
52866686949
52898242042
52579080560
48544475645
52675821069
45565799280
51858931037
53055300366
53053996721
50490494214
49039532344
53068754276
53055804292
52517942520
39617570911
52857567841
52672567339
53048397116
52515634149
52674943427
49171488629
52875949694
52433861431
52866958789
50759746731
52520134367
52491621091
52882330174
52691051369
52858631451
52522925525
52632599092
49042886784
53064770786
51995276320
53071433730
53040277684
46664555746
52517046262
50974021026
52732897308
49355421331
52700675927
52901880367
52904168127
52355044247
53071210990
52493997850
53090680937
51978727355
47876015932
53082313768
50727680214
52529221177
52888428141
48377718592
52744104394
52895040578
52482565644
52462665393
49822333185
52516726506
52233372661
50788361085
52276395997
53052099277
51791813025
52708907288
52873488122
52634427021
45003921287
51975207283
52527698308
52697596835
52537850824
52692965606
50841839023
52540850221
48252950039
49476151077
51139552847
52517862025
52535276941
52689939631
52521728085
52674895266
52863751326
52142348920
50548344387
52540890401
52736321342
52676886775
51981007970
52693453681
52891250245
52487810843
50943120838
52531405038
52852326339
52685950043
52501088888
49453527744
52508974542
52866158825
52724442333
5588277697
52532060295
52535835547
52702708422
53059283879
51933589628
52180036832
52714171573
52679926843
53062235734
51244568450
52488894377
53046253276
51749725707
53084025414
52478853796
49370001254
50545978584
52487344247
52596824629
52891730498
47761344338
52879509094
52514502467
52644527046
52266646025
52657101627
49410477927
52871062194
51688725763
52676503085
52666862326
50406775714
52705396525
52684770162
51571241522
52900776355
52215523056
45646547663
52511527441
52511247624
52884132449
50652721602
51911617712
50018724727
52293166923
47202745624
52092721567
52254436545
53064097942
52714539177
52716851290
52864127027
52892089796
52823853388
52892866106
52674695139
50931201769
52720049977
52423370235
52543058460
52887604046
53058196099
52082554832
47883047382
52717546894
52869491293
52514998545
52857055831
52644759513
52628612872
52523013999
50903062116
49052855551
52521021943
52718890570
52527236097
53048069184
51844007456
52728889801
47321766798
51992541919
52886908236
49851573511
16212387771
52679894736
52649557403
50966916100
51963741188
52506191845
51823002484
51822820571
53051676802
52867422795
52724170127
52694981566
53094776325
52012575632
44927003307
53075674280
51815358891
48887240297
51227684980
52857829871
52685747927
53041933025
50842655437
51977657930
47356292816
52247322994
51479377302
28329116689
51309043487
49322193973
52664327917
52703692681
50738495650
52873493592
52521157529
52676878526
52894066164
52849967948
52863535141
50705072241
52670831284
49139851526
52510917244
52695042840
53092680398
50545632176
51982804745
52058575815
52693581662
50813098805
52883482792
52492166873
52724833947
52355692540
48925680884
46865033509
53057724034
51736725055
49750476934
51559976497
49083082342
52197440439
52666855917
52695685222
52510782126
52735833157
33776160997
52523090598
52513358800
52683930775
52845701494
53084481424
52517286473
52112268658
49110029697
53044085524
52702780306
52890441994
52459589312
52529972881
53069691091
52359136078
52875525610
52731049798
52734033248
51738088893
52706642909
52683114742
52519862176
50990549289
10144770537
24894564900
51972001705
49616961419
52815747044
52685662188
52710250843
52526508728
52823381596
52682758185
52681246419
52279427589
46178430163
53064466281
52718123037
48257789303
52623143565
45849791357
50825764447
53071666779
52698780445
52707788222
49949481647
52890322058
52903000025
53043044153
48842521282
52725722084
52158555330
52647684717
51339232685
50791802754
52716947195
52499783852
52889778442
51744767792
53041349650
52688163319
52627188929
52878003098
52539945998
52675623143
52736065281
50775381042
52858455792
52882445029
52717394275
52679772871
52879981348
52691481740
51861565287
53056452303
52281177645
48695557651
52539170541
52902328597
52510575438
52860927720
53078706050
53050937565
52708884242
52519701881
52284143599
49060935864
52463045168
51676657237
52885684500
52805420941
52528917357
51671860147
53054172682
53041748737
48246243183
53041252042
52517422388
53075138331
52740776842
52703395138
50851497438
53048077190
52701908751
47625175165
33541191353
50236649545
52531554257
53079865284
52095377027
50199427530
52679374466
53087561338
48747099443
38956469014
52259840792
50177263470
50339928513
52004353827
53088977174
51705626922
52868339895
52901584585
52834689834
30509560149
52888235847
8986830747
38588034203
51124500334
52514077373
50668934473
52083909568
52676390971
52539586372
44452464325
49003931557
53090528733
52698805172
51454230524
51303542329
49389621355
52700140876
52698796318
51170855361
46006093822
52858615626
52501242496
52120551942
52881819045
52596399828
52521245489
52530004689
53074410324
52734857072
52729889849
52513734494
52641565270
53080121617
51849109705
52533258021
52877133330
48324618988
25525758601
43879954424
52882804700
52542137295
52666039823
53090208677
52726281526
52509119537
50161301764
52860287310
48420082559
52533834305
52616870378
52391624342
48800370881
52298340331
52660005879
45617423176
52521269991
52675550805
52587112790
52688043022
52882092789
52694365319
53069578839
49829877121
52673230047
52741624487
52724018117
49977837340
51718369755
52698757122
52696115544
52890082060
52715458315
52870734017
48164656412
53059260183
51761553770
52675095027
46147169389
52868549964
52505207767
50726082259
50813461510
52528884743
52866853953
52702427218
52255500331
52670575239
53042802819
52534548500
53086504300
51648242162
52666149935
53089584916
52283170635
52700540704
52523509839
52619326619
52663543244
47887798416
46493407019
53044661268
52503847910
51878968950
48869571158
53086569216
52037324241
52053911039
52875437543
53082081548
52883404187
53054962197
52711115738
52522989824
53066731219
52863334815
47804129320
52734745587
52700036670
51552383063
49993515666
49350048978
52872509558
51436870548
52837429370
53041541527
48442697109
53081225664
53066107275
35462553746
52661925878
52858071635
48759579424
49592452314
52863542718
53074545094
52685829887
52643063218
52877373297
49337022129
52698836966
49559077626
53074802068
52719434410
49648819502
52668085495
52723730432
47207438260
51959359450
53047829087
52871365919
52406582367
51846119303
47474596493
52682806364
53047045137
52217399524
53049476946
13599801283
51769709835
52736025024
38312466699
53089416765
51921565684
52739904512
53062451747
52734064064
52858222876
52880932961
52691141217
47145343302
52246269607
52854007745
50051880113
52900632163
52722113735
51896833559
52714867000
46851175097
52740152448
45368271037
47380388261
51400820296
49720792750
51066537877
8430605298
52522386330
52296207983
52632945653
52439691700
52841199338
52715139192
52738864846
45523779459
51819459715
53042709485
51323741728
52158253578
52519174115
52868957638
53075874067
52454950985
51040593763
47925081923
53059756052
52165628587
52521253832
52679549681
52736209118
51485904799
53048812934
49641326967
52885924250
52393701765
52703724522
52116444094
53065971277
53067386276
53088825074
53045989236
50823554677
52867654237
52814586944
52502191587
52721890148
52410522255
52053199771
52027053701
53059708178
52522845483
50989250188
52624693725
51267401696
47590935982
52661583301
48761837117
52887434462
51811609688
51768404734
52689741786
52539746070
52844143780
53048692415
52640270820
52722514439
52630094871
52155559705
52538386545
52685197853
51645058711
52875026180
52519138412
48669845694
52612974366
48369249691
46852236276
52700156926
52706140399
53082473374
52505391766
50800096141
52496352534
50466366285
53045900694
53077801442
52511365883
52613015746
52693644232
52855543726
49302219610
52871098494
51694133086
52382854042
52880692589
51769693229
51607511396
52673139972
52681030395
53076488195
52723336931
52518262037
52543736582
52515768490
52519773208
50668693285
52738112504
52716682502
53077161831
52665035799
52858295335
52565514276
53064379321
52241169650
52528020923
53050812418
51881232445
51643738431
53091816349
51460261501
52593017442
52510791081
47676977690
53071368279
52857335538
53066515036
52535186623
52220744746
52723026236
52671503020
52874362281
52855527689
52298737133
51299201935
53067186858
52507423141
53088160690
51505263499
52658908400
52719578395
48875618510
52121804926
52705163811
52866274204
49934058455
52481695071
52897208437
52676581869
52650010791
52593183824
52874021035
51430061360
50280540254
52678061229
52697004716
52724273601
51449227848
52666494687
51985790593
53075729974
47623062431
52708538834
52664719767
53059681944
52098711471
52593482461
52901680040
51431917217
53059203218
52725448062
52849309891
52711977947
52476782366
47063993259
52896152582
52265111571
49930528533
53047291921
51782702698
26748924602
52871397516
50578240768
52683108209
52728449567
52592705305
52663854521
52512989586
52712651178
51184446068
53055001168
50351462145
52511959082
52857701832
52720146281
52560722075
52542616849
53089696381
52618453283
48401714996
52896249250
53066050121
46102220662
49561019231
52542114059
52496526493
52510895197
52884667341
52855452550
50124860088
52144977629
53076809931
52891625918
52190613112
52895384107
52692925360
52711608922
49060064486
52537898267
52887114548
53064835141
51899042179
52893753997
52509366872
40813632924
52862254992
52514838369
52531164200
51671060830
53067898851
51959060614
50140600399
51424878532
51028712027
50776793406
52328565970
52864969874
52662930327
52830511800
52655790215
52120953937
52733145329
52862046400
52855631636
52153534497
52686585980
52671798835
52714546786
52368067700
53049028640
53055402288
52542162039
8789028676
52716698429
52504487655
52520076689
52512740982
50755716926
52886346588
52089184991
48083890211
52682572659
52039885013
51990417596
51845062986
52892993856
52053249360
52519309934
50083086874
52515446262
52300503150
49311914599
47425436008
23116549976
46958879066
50222182949
52492712374
51695470013
51183255948
48874447713
52477071295
52320226700
53084616544
53049491776
52526208041
50010119139
52536737243
52842607092
52649431797
52669332861
52370869166
53084440341
53042500843
52494631950
52513930591
52496698640
51130783255
52800845853
53064802413
49560176850
49867857898
52849503370
50484030666
52713288750
48756670231
52669574319
47414107046
52718529680
52580383538
53076505175
48647585822
52678389357
53049092113
52721961716
52018941492
40110369164
50326396046
53042556291
52865973619
49262808719
49114530276
52535824186
51996326037
52690220814
52167017724
49511288172
52883290443
52716986056
52695619541
52529706393
49807412359
52691156794
52669094919
52287062874
52530737909
52870781114
42786212810
48863626619
53085752298
52709410524
49053428715
48649968685
52667150698
45375660887
49095666278
52529602467
48962482522
52301688542
52730608842
52539576743
52496846379
51761459186
52564361129
49117715116
48319314275
51663322392
53086608289
52391375594
52526273954
52691817612
52672622310
52531152463
53076905301
52699204082
53078761160
43052904690
52495825973
52496775726
52510550040
52057713747
52714218374
52876418150
52571245980
49325815106
52167725680
52704434251
53053947745
49855590933
39241878953
51971244083
51813212708
52274743913
49397663631
52195359367
52503789217
52712938432
52876499947
52615605889
50448644531
52300783581
52528298265
52685169614
52883145794
52674966310
52521428288
51639249747
52859732984
51184045166
39306675562
52680618215
50377774661
39058953488
52519412626
52499997212
50896204095
52879882539
52651591655
52209181248
52627827586
50862155071
52680652969
53087920096
52877802898
52654655691
52811652299
52703699314
52681394399
52880986447
53081768726
52496087445
52026623079
52525924198
52683717565
52676965107
52860725397
49650473725
51719383361
52712377094
53044140634
52849270997
52687261136
52872476886
50656860794
50705264293
52669357799
52505557445
52696740340
53064098432
52158522889
43520995313
48777003342
52498351793
52895704038
50857139886
52679509841
9231122926
52824980972
52683148751
52680493890
53062810089
21674391913
52716009724
50750620685
52589166895
50748829333
52675341940
53040596947
52421631854
52722289323
52880730449
47711208088
52527506997
48183667561
52540640449
52239396877
52857158038
52880002642
52710258649
46737977080
52661583700
52726729236
52518213219
52000034185
52496727938
52694940630
52506622293
52260834014
52362554687
51275669522
52406903734
53054755226
52423903513
53047116446
52859814068
52536921799
52535552944
50329710896
50917239576
49529462911
29438618584
51657528944
53079569144
51617622162
52679185903
52536897982
52514020642
53084216280
52051055570
48674010859
52851319308
50006714560
48669059771
51193705551
53053067278
52723345316
52720537637
48072551252
52683605585
46973770868
41895540199
51258545243
52845869749
52868429440
50883002099
52685525484
52669606693
52685045433
50594895986
52667079028
51461874027
52674998289
52203454618
53083456295
52661279597
52277794244
51635759237
53069409855
48530223712
53069465082
52495294150
52303830960
53076160787
52851167280
46748975185
50705666236
53041892324
52678469751
52471722316
52495839950
52259499691
52731248520
51313966680
53067777878
52863973888
50273094171
53064866350
52136241364
52688229201
52725721289
52725529233
52634294741
52528018730
52510862056
53056219273
48795709272
52109155835
53053267769
50009546455
52830888522
52856942083
52111245545
35153293654
50756813649
52175701048
52508986636
52610891480
52852863024
49490836089
52687501347
51702743873
52490508596
52536882042
52118346571
46105905177
52725697440
52516685028
51782686838
52270703462
52608220487
34381608061
52644765353
52663044784
52690748892
52856790130
52670206281
52847063742
52692748672
52840423824
52659311783
51445196485
52865597511
52896144034
53040364934
52498607475
52866677589
52698138150
50379385442
52863683498
53052210078
52855143041
52873148994
52846839947
52520396744
48630698603
52706586718
52664847035
52847205508
53071313018
52181721462
52703131425
51803758705
52502733590
50195325118
45729987164
52531650340
52707547026
49651231750
52891504439
48120230782
52876203150
52672382406
53067410099
51804029975
52505342256
52240129863
52248446948
52691137452
52851151435
52506510796
51817007898
52504086339
52404594517
52505438690
53082768779
49132106838
53082608644
52368673912
51692974218
52806175740
50840076392
53064097013
52701371636
52286729146
52810679260
52448988946
51711799378
50686123540
52847222144
50655961264
52475911653
52689605091
52534497993
48864827256
52884312581
53079064546
52846804444
52830162276
52668102808
52661199516
50105117251
52538984694
50852991779
52356814275
13016484700
40668729672
52710970542
52847735543
52501519100
50370957706
49898050581
52671198544
53051274679
49343906833
53065674063
52683132734
52676157963
52675317123
50300849852
53049915782
52697115924
52826943356
53070873683
52844677682
52543584011
52855590840
52843703278
52828789556
52658167390
52524994687
52667358146
9049389586
48754824030
52727352526
52894672104
52659767374
52713746436
52393607426
52719713653
52843605954
52589421056
52683293582
52497151137
51927527419
53071969639
52887273446
52681613662
53066322100
52700699018
53040628300
52675467436
45250988100
52226009389
52853454770
52695476387
52531138258
51140340349
52707394495
52880746375
51660773551
51447095789
53081912589
52722912710
51543811931
52662718914
52518754791
52677049029
52873428632
52883722011
52703546788
49811134283
52856246125
52685677303
50834559675
52698161123
52854973709
53065386070
51772256148
51711665363
52053918711
52668718633
51771939862
52505236625
52673648716
52619206487
52854733892
52457872586
52436757693
52499031061
52007670849
52675181851
52691460223
49728975956
52262709677
52634454345
52466668050
50553094535
52381641196
52539656233
52678357995
52673333083
52039723699
51885466176
52861932285
51766872588
51878524827
49216920494
48765495112
52877466520
53077625112
52148707474
52702762030
53049403972
51918013444
50335462165
53075873346
53040204871
52512805583
52473196336
43626350436
50781127171
52706610950
48198361943
53063913350
53046948337
52833510997
52518403897
52295941350
53081256773
51802905849
52674246376
52513893468
52251307716
52724409221
48662838270
39621229116
52523938643
52518849983
52675366297
52705027046
47923210897
52664838885
52529370483
52659791687
50202129792
53059849340
51708966984
52632430874
52671966003
53078569003
52876290635
51206386696
52674510386
52876432109
52856534796
52667669260
52669030103
53065785964
52877538349
50532543476
52848471643
52866301336
52847951594
52850495470
52194519041
52525170539
52870340197
49395559998
52526395199
53066105500
52508397682
52673837960
53040052734
51914825293
47701999315
35557459242
52645438032
50658290636
52871028886
52872380689
50278028889
47371762858
52822493512
52870381040
53084240227
53074401298
53065482135
52669614625
52652543696
52254578897
52841476438
44002687987
52801494838
52866378149
52650879870
52295559869
52706019038
52615679998
52678837986
53061474667
52688140763
52507158277
53056809155
52869109176
52850517438
52683621595
52115927479
52498423547
53063170416
52887425247
53047827837
52661447474
52704690531
53047955923
52290135489
52592040934
52486006293
52815286286
52671133352
50184641015
52848498490
52539992164
52161342074
50359077443
49448711275
51729698282
52705435133
31596979733
45301390304
53084440250
52695315897
52507782080
52817725549
52720001330
51662734723
51051889095
52284253839
52850439199
52290178240
52528705146
47405868465
52489362510
52680316596
52727080691
52696076082
46249781386
52676620380
52844223898
51970511416
50676512295
52724192614
52716897115
29528733985
51668261280
52848862846
51633499880
53045108263
52469942396
52487998086
8756408787
5772492098
52872868146
52285047169
52500959048
52720408986
52863213081
50277483549
53066585880
39603636623
51317167892
52712361913
51895025795
52727040726
52532193146
52881754017
52112324497
53072673273
52676709166
52498678539
16668138359
52875794314
52174286591
53056067198
52003529642
52295799941
53074112685
52470119679
52033467499
52723417239
52295330025
52656679815
52589023079
52137303861
52848444336
50300533364
52677309947
53058713807
52539520260
53044410217
52115539986
52849502814
49570954150
48380099573
52661783024
52816133956
53048257810
52721753225
49320278975
52520051445
53041954187
52302986412
21911635428
52682936846
52880058236
52401266036
51775154141
47635701247
53048147283
41487825377
52696497280
52386460944
52807046775
46255722077
6959513829
34419265948
52655191293
50840290913
44274479550
52692139550
52657887634
47371563913
52865397392
52857309861
52707738249
52659861584
51940773539
51169208786
52378014916
52446745936
52866484238
52532441642
51690302399
49394294562
52397989364
52728784594
52673693760
52502702447
46237885378
52875474427
52518332529
53078344268
52891712198
48543421709
52380390994
51524269489
52506928198
50357282996
52702267298
47790728305
52676198082
52532098150
49205653191
50414776650
53060160249
49150483980
39901424067
52653615884
52679152479
52882834093
52678293152
53051155660
48151850999
50862972374
45877547318
52677765764
52513357431
52499151022
52621630947
53069929507
52669470535
52191357791
48633917773
52522792395
46826057641
52520250023
52866252962
47698256295
52700282426
51814385336
53065681874
51968708734
52523186629
52675405926
52527498296
52058759853
52626135590
50050413667
52621036018
52502950389
51220141084
52709338505
51665624421
48441664965
52886552599
47432429612
52476863949
52015607424
52649671349
51291921290
48677854647
52212659307
52524153995
52060441640
49979384533
50492034597
53054601254
53072593170
52180902066
53073537205
51264994107
52514293337
52521356347
52712426224
50170912014
52676701809
52497680259
52654575864
52715353653
47920868221
52656814763
51774970753
52663606919
51317805883
51477975895
52146526913
51649201529
52847362323
47522767290
52889200188
47855625843
52879266155
47891522685
52641685775
52302677293
49137441380
52542360166
52440647871
52303823640
52501622932
52407999379
52695939810
52884449248
52671837481
52727928090
45466542285
52528721800
40510472011
52237813445
45230992757
52691698246
52518748896
52087347648
53065881994
52462674076
52883857812
50381252190
51716111889
52506766122
52697955478
51629049740
52655735236
52816948991
52874992349
24841229209
52302999147
51223284086
52828033827
47667474903
52844223508
51167440778
52034782545
52198013702
52703379043
53055859088
52522522096
21453097731
51676537942
52462559974
52675965045
52521435432
53046698563
52521291148
52870386195
52678109277
47231566591
52448596973
52867669017
34124269020
52666315468
50862662836
52297503469
48842446449
50697318346
52675346633
51982229581
53077041121
53055307199
53077184884
52234821857
52057879770
50363411375
44213927326
52656295558
52538296229
52538264327
52885993199
52872012434
52669958546
53055595113
51711733894
51796094146
52098679018
52526386291
52657197703
50746837485
51757212495
52255061478
48391463584
52521428235
52584556590
49653351856
52685313738
52639112784
52424462074
46842548324
52515114824
50195174100
53057993460
44102666572
52446512044
52528026725
50977717624
52530737138
53065313973
53057426835
52283749717
51935156427
51642783639
52506814211
52706073924
52660804466
51734814167
49033249098
51782653923
52606822472
52875698489
53056698500
52880922237
52869084846
52442948400
52387847588
51135190336
12114720037
52669576391
52169183494
50265725464
52505677789
36871132898
52509813527
52828832119
50368566904
52857038014
52698803430
52157279761
52708968626
52871380493
52873938949
47848962893
51236649482
52507782040
52426594315
52167507786
52480503318
52527282471
52707577180
52865669106
52224716389
53073369317
52672204901
52381855840
53079792495
52653471994
52671726159
50749534362
52228179705
52843736647
52454602457
10883983430
52375711659
52882497917
52847071441
53043004349
52859261896
50943184112
49102637934
52278923675
52884856244
50048370397
52844878637
52491399997
49319940455
51697616588
52497078484
52658921989
53042540450
52524930592
52710690285
51338165441
52856181777
52687125050
52506667348
52279423794
52060077142
52533745449
52534505921
52688026904
53068817681
52872796193
52862100585
51277378825
53072617205
53082064149
50690796216
52677653799
52691372623
52684637160
52294399693
51920945050
52530458097
52525994899
52119270796
52661430984
52670086024
52694355703
52852528347
52862501528
52521658674
51440673934
51671250496
52857597948
49741197646
52527914308
52520867690
52841631427
51792022824
53051331422
52639180417
51887356491
52689683334
52664861951
52509478146
53071640642
52656071623
52856429115
52848879294
53066857724
52886280542
52658303357
53064545808
52873410621
52501790343
31457728832
52876722465
52096475233
52880522045
52535792436
51817985728
52662518701
52515628988
52584119460
44805521971
52865691699
52106834441
51281319162
52650383557
52494519069
52815055791
52030038014
52864708895
48455001839
52144283607
52688475591
52303269933
53065665757
53077176773
52691123728
52394351926
52302928489
49052780492
52603502689
52491287774
52514773280
52267366038
53045088797
52188801573
46613485504
52875674365
52860274790
52302861106
52521218252
52638815861
52631890250
51687968420
52227006193
52873938736
48402268771
52525522321
47675969024
52630434408
53071577282
47781362505
52861789509
48602047485
52503099250
52854542085
52244227450
51483057414
52688248637
53046123775
50299143501
51144350170
51334093165
52503860732
51241763167
53041020493
52887448369
51730098490
52531240737
52870196529
52842447737
52854653471
51261117624
52171367737
8964581994
50368636410
51948327284
52648583827
52296875740
52870068199
52891288003
239470547
52841240178
51658673181
52263791500
52508693735
52302871569
52681325475
51522194750
52691578552
52480599816
51805548082
52535440621
52687324754
52696211809
52680772079
53065777598
51938723721
52836575378
52680684920
52122073505
52878434059
52705746402
49996668041
49073703200
51809175308
52857621929
52649455570
53069113431
48907554368
52507309964
52702322498
52695003921
52859581774
52659566396
52726392679
52494943338
52303238631
50667862206
52007889659
52696889337
52872178016
49118281347
53053387164
52836008378
51340133084
52625862896
52521563300
52695747806
35363075163
52513995998
50021646984
52518260548
51614882731
52532634050
48785872386
48057467148
52646189784
49108577771
52520498311
53071297254
52670229643
52438947598
52860949577
50651392340
45147056599
52656407579
52506674514
52100516089
48496594406
47127584799
52494447564
52854342087
52040951960
49356688335
52100993183
52301670404
51639003728
44040955847
52462328008
53081744183
52851365944
52530722079
52487559722
51332873937
51409658447
52527618110
52855141788
52501846320
52614215331
50733117551
51795958835
53050179469
52651527826
52806709828
49859927046
51992079415
52169002343
51154185827
52493246472
50995070943
52701802031
52716209533
52515092191
50690967617
53058249995
52882816545
53070096392
34617825152
52877714135
52501230899
52528104436
52484698087
52670806107
52658314917
52527905891
52234129880
46991215167
52658204834
52675709769
52534512168
52690323485
50482722230
49329522953
52497686990
53059242329
52515290587
51793067976
52849653393
52290407929
52662030882
53075688281
52295239128
49565856876
52871298091
53066720334
51955279188
52459421718
49421610301
51796852396
52713513700
53056874335
52604053645
47714471416
53050378990
51407909236
53052874637
52863077124
50101203406
52682140353
52642228833
48609374199
52489335514
53044299887
49626823453
51768081681
52338645124
53043027873
52817199349
52220747249
48155135301
50696781871
52866492591
52265847351
52694875234
44784934538
52645181176
24847270765
52350160583
49384949743
51417714030
48481936297
52515044339
49840411062
53065457647
52885176104
52820195849
52714561510
52299519442
52650151821
52667686112
52650727609
52881944788
52625305440
52646587796
50976282944
52711897928
53045114670
52652215590
52512362194
51337253899
51982143869
52282361327
53069297164
53059026076
52500982124
48428495356
52483480491
52513514387
52676541403
52134177980
50547360217
52662974636
52126235395
52500706076
52696227041
17389422830
49816820606
52706297748
52706457453
52871842491
52865572647
52693970094
52671149488
45875699109
47961968268
52490247730
53075776372
52713201715
48697319553
52570324037
52518986190
50111677510
52667310126
52492327047
53051922342
53049067271
53051465947
52885032321
52656790856
52698338947
52503325846
49213996131
52476287884
48853409575
52176215020
52717313395
49879381265
52643207497
52447789628
47368689719
52675093629
48010677196
52848830734
51334687125
51966961726
52262319945
53050427108
52051297294
47053089625
49007598282
52667478163
52818143699
52487422275
52524898140
48789333327
52494894144
52672653756
40129571511
51261017294
50804770881
49375164146
52823103827
52880649248
52514596534
52453095083
52693603715
52479160411
51190081688
52656063266
52716648920
49128477613
52830359487
52615442699
51900736600
53066816244
51379665551
47627742032
48445925207
52578111858
51909637727
52528800039
51657575044
53054584593
52857452391
51888725243
50713879071
52486151188
52487254748
52206693425
52123078479
52641495656
52702024546
52526608070
52302566688
52860906647
52259517128
52652222687
52492206064
53053017705
52302173253
35696945748
53042562935
52497173525
52274226650
52387184245
52708225087
52656022283
52868065996
52681690212
50693377511
52526272134
52676828707
52830535418
52648739133
39638878945
52502073247
52654254747
52138214884
52692601590
34214923657
52695442325
52845725467
52512466420
52866921851
53042961716
52803398186
52877616014
49295825746
52289627630
52233528746
52287335740
52295627418
52668725470
52807564578
53045457967
52480223568
53043626838
52877152123
53057265266
52698449877
52859522899
52855060192
52289926759
52677772412
52504172786
52701321980
51125622563
53068856238
53042922858
52123781873
52290071987
52288294990
51423789447
51674109262
52388776027
52690938813
52634391271
52484830925
48183792877
52448702069
48973265450
52352768370
52666668950
50736331135
52619459018
48829994269
52854400296
52867977917
51038327288
52495078063
52058311596
53060352941
52674315140
52117218329
52652014668
52570221952
48837995780
52876168184
52581953184
52430342649
51602462318
51865223929
52641517602
52616451730
45082024189
51779178934
49362663251
52580593172
45092942558
52669165203
52485492981
53040987108
52110159820
51822135749
47335925815
51929823765
52701433937
49593883021
52479887987
52504468685
51410971599
53041178740
49021565895
52686907449
52440455764
50749533990
11665222780
52523128330
52284869368
52229792978
49563328867
47127311128
47161563815
35708800320
52620441882
49511174743
44987089273
52696666292
52254210525
51954350549
53047226253
52632446750
52496989526
52247623532
51870018192
51225495303
50836865143
48603261680
47859626866
52358688245
52239938434
50760504846
49350270034
50426333513
48745740772
52502316097
52702049945
52494053882
51163284534
53057529190
53052185922
52492054070
52422897194
52301293868
52657282685
51195702623
53059569198
51944489842
52710936640
52131263848
52210231374
52651270713
33859785020
52518265959
52294775611
52663505771
52838134019
51660524497
52849700341
52473610677
53068912192
52645779826
48923745430
50508910696
52116065334
49821238443
52114648339
52300006601
51192529575
49766950237
52041365783
52702249424
52499578674
52820034028
48482390758
48587597624
51660907716
49779703818
52615599395
53048762240
52247095896
52825117105
52661205544
51159975029
52675588699
52707257473
52640479743
52673060891
52288377358
48583816350
52056570078
52139812581
52487198971
52503674842
52706945035
52841230310
52612883385
48521224205
52289687980
45924706583
53067672300
52872880261
52484719100
52666725556
52663789276
53051337873
52476727981
52287622835
51806381429
52661910019
52639980809
52660430169
51558137378
52489710163
52859795395
52486319077
53061241069
52654830597
51987208346
52499413323
52294734522
48033306843
52852052899
52296990655
52430919791
52639031973
52653365791
52481295582
51291519078
52116764447
52444805393
52525921047
50841837490
51277923345
52481759520
52704857478
52857460144
49795083688
51090773908
44705585461
53041123093
52698257683
52658940905
52289527940
52199959486
4654827968
52864762241
52295551248
52621791631
52713920439
52501372936
52477519134
52863666441
53040779174
52628982996
52446214944
50380047964
51815980513
43242727327
52863850443
52866601448
52299654884
45392622489
52518657944
51229965334
52511050641
52707073040
52579227049
52452508300
48014875273
52871944544
52645427877
52134996196
50293134418
47489688287
52628795742
52091214852
52631575519
52610662164
52844989218
52209446596
49030278927
52650964694
52855692243
52627167792
48088594495
52295103426
52453702480
51336182398
52492917984
52486134506
52841165898
48300654081
46656869588
52290511531
47603852764
52499522466
51654574739
52446511669
50782175753
51612676842
52513466230
52502597220
52862514264
48661564899
52470096896
53043874698
48741281102
50175824654
5913369671
51667799998
52287759955
48694729329
48312150769
50720252389
51321518990
8757938284
52841557942
51537030645
51958869276
52870153825
52622435815
52870353345
49572137890
48078219090
52829183773
51606682719
52598565284
51212287823
51275901564
52517074010
52478391880
52701921842
52698017981
52298742614
49746589058
45487053298
52668635586
52871832545
52023863085
52859107593
49451497640
51869903456
52188896195
52591820249
52680106046
50173640227
52700689246
52563476038
48369129564
52500666195
52675675920
52649015237
52295215412
52848717471
52496896628
43719245019
52524336294
52644560612
52627567021
52471502020
52832815373
52296942785
52283686218
51691632793
51924447400
52220342509
52352490104
53048153654
52295633967
51428559125
52257163292
52860162647
47940643770
52297287187
51382441526
49564199114
51718089227
52643775616
50852477564
52229031836
52301718463
52868592110
51682960027
51203830978
53061929011
52430710268
51964041560
52328510029
52644779787
53050473497
52622494027
52285447797
52492053952
52496941798
52692282557
49859265171
52646439140
51650960885
52847421290
53055809430
52713880390
52707952928
50552742816
52432046540
52526416056
52829759692
52669236822
52835430837
50856809400
48537448840
53051201827
42391696011
52603509716
53059145238
52847621599
53049913965
52651325429
52652101959
52834054727
52646345997
52501149139
52485586134
52640660488
52684339191
48444231329
52560963796
52245694919
48046588752
49726027512
52509042675
52802447635
52403944849
52476343945
51266787836
45841781486
48996039706
53059345212
52663669385
52695930373
52706217431
52587431380
49637285946
48687200468
52705673350
52487776638
51225740484
52852100955
52569544080
53063344861
53054993340
52498425888
52451180500
52153203744
52661869857
52691978457
50645739437
52691553904
52695490118
52865665929
50940820665
52244445227
52702201759
52523984285
52700361994
52524768254
52876488096
52668524746
47690308166
52869528530
52516785945
52643455463
52296614196
52471455931
52520872950
52474188787
51453519563
51745420434
52301693751
52695666205
52813452146
52652430255
52301277425
52578909692
52479279478
49680189123
52670060408
51905249590
52673299465
53051001915
52684331440
52489366380
52869960646
51650002085
52831919538
52834215299
47436313538
51964657983
51655240049
52568718793
52846052749
46515175175
52657406339
52840562745
51787564505
52519400428
52822079362
52512721448
52854496318
52144204584
45004874199
52860163293
52696306169
52489534096
53052009823
52285255986
52591126948
49177000155
52475687791
52713824089
52088645957
52670924983
52834174043
48687047002
50544834642
52495109388
52448340099
50530624689
52494418722
49871673908
52674124530
51819024890
52637477081
51887811744
52585502305
52249729099
52691410299
52666197289
52486166324
52299558642
50981360228
53052185755
51941780804
52649598492
52853348144
52853292889
48687520694
51570487063
49386987822
52664373721
52481983061
52660653882
47716330144
47481652439
52647830932
52481023298
52607239773
47671266309
10212638049
52487501744
52478768613
52106901058
52709416735
52301569142
48805988082
52431082533
52638031714
52861874413
52688890545
52504145198
52828111249
52659269750
47196980235
52690562688
52850338431
52826495846
45236195987
48122014358
52352181832
52507594549
52854900140
27063314583
51475335877
52303958507
51064441986
51811430702
52667085163
52505668349
52866472949
52827631517
52513552398
52510210371
51719339868
51021319946
52639282634
52653013887
50296782849
52689410175
52296020481
52817247695
52850522447
42436051614
52493981314
52028049631
52506658429
52805565214
52852572971
53054185487
53054681422
52691898358
53048712880
52693513704
50810926241
52262869432
52654211370
52486326179
52645462993
51802497042
52686779016
53041442847
52295045881
52654298113
52597705912
52422178522
49807632907
52482599391
52849620977
52682043644
47791736383
52653662304
52655561313
52288933646
52709560590
52302542628
52280031946
51069903531
50529081711
52680339452
52485246699
53064296345
52836926741
51775975572
53059473136
52445092741
52710432489
51469052899
52257182764
52688178736
52636181557
52561699843
52636743495
51297678599
13729916086
52637119871
50304853544
44833082892
52691666510
52662045752
52510082316
51147980838
52656394273
52292863483
52712032425
52851844938
13768097390
52636743495
51297678599
13729916086
52637119871
50304853544
44833082892
52691666510
52662045752
52510082316
51147980838
52656394273
52292863483
52712032425
52851844938
13768097390
